0.021523161547245373
0.020797003393793825
0.019944507861823526
0.0195484294753931
0.019839124685786448
0.019354373910381598
0.0194941969578925
0.020554989062537228
0.0194684554341533
0.018418987990393824
0.017265928377967227
0.0157247567472969
0.014833545474090649
0.014336325035694101
0.012646666269128151
0.010405086381190665
0.008719840781605733
0.007096556505110915
0.0063153662782097705
0.006248885750301322
0.006468318965108512
0.00684419465912282
0.007259334281240245
0.007922352905550635
0.007851464811211005
0.008248294066794353
0.008319525101506808
0.007808002872597755
0.00845008808767838
0.008705884552986848
0.009392920077554188
0.009804760141237195
0.009564548786159113
0.010507903179489762
0.011622032230211066
0.013259080429679968
0.016339963422145384
0.0185638958934311
0.021070611873644524
0.0232115188216556
0.024078245094826974
0.024625896243362026
0.024785155634553625
0.0241077924420622
0.02365710389312745
0.02285927826207305
0.0211284827731254
0.020401485220491