147.9179487179487
142.29252482714045
141.39435817418055
144.63084087637318
151.4093650510225
161.13732281543267
173.22210628690792
187.07110758275238
202.0917188202703
218.05455927580888
234.3167280754203
249.58630526756951
263.00504816259036
273.591260989796
280.1146621827039
282.4767073992053
280.0427132024745
272.177996155686
249.96937368998567
223.0437329854039
194.76786145157797
167.64183592045336
149.67555726622507
139.20393771747135
132.6203324593113
129.51466919661348
129.04742116575622
130.6399067248821
135.0132636733573
142.14839365419007
152.14368465364004
165.94610808286393
181.9894492278155
199.82967950631962
219.02277033620098
241.9013276293456
264.9367532810401
285.88786117003366
303.1528218019968
311.5654519266888
311.2937967403596
305.9045857384992
295.979217613211
282.09909105659847
264.84560476076524
244.80015741781443
222.54414771984963
198.65897435897435